20
2
1
591 113
643 177
7
1
798 863
470 847
302 973
821 113
105 194
147 710
180 77
9
6
984 463
514 672
485 920
730 359
650 18
210 650
505 560
608 803
654 427
11
4
765 736
443 251
649 141
743 122
709 264
369 792
346 480
756 585
902 612
833 936
33 723
10
9
525 892
222 63
3 245
247 666
689 558
591 729
448 920
807 995
842 934
630 174
6
6
478 949
827 820
896 749
563 693
683 876
520 471
9
1
23 931
181 710
498 107
321 969
542 122
699 249
859 360
647 527
31 199
10
6
218 546
406 516
497 740
336 653
716 832
22 935
875 294
374 196
426 252
813 125
4
4
48 390
741 406
594 190
544 734
12
9
478 311
332 827
391 720
506 303
454 489
360 197
675 937
357 63
256 463
141 17
546 545
636 198
14
5
991 875
45 243
7 274
578 469
316 338
106 820
810 909
140 759
995 679
17 933
865 115
548 265
125 565
80 461
12
4
571 861
768 625
962 396
105 234
470 941
960 453
293 255
869 992
281 615
94 185
470 668
56 955
12
8
961 444
404 587
939 112
156 787
192 737
46 99
349 569
65 629
326 905
468 938
467 344
333 622
11
8
489 49
985 869
789 81
638 703
933 669
557 185
574 929
355 158
301 94
519 491
167 22
7
7
93 565
30 331
254 445
635 662
286 634
574 772
470 163
12
6
585 834
365 636
901 539
390 394
497 218
140 94
399 465
711 526
288 548
662 486
825 82
567 194
2
1
591 113
643 177
7
1
798 863
470 847
302 973
821 113
105 194
147 710
180 77
9
6
984 463
514 672
485 920
730 359
650 18
210 650
505 560
608 803
654 427
11
4
765 736
443 251
649 141
743 122
709 264
369 792
346 480
756 585
902 612
833 936
33 723
